0 0.07109375 0.77578125 0.090625 0.12890625
0 0.57890625 0.78828125 0.10625 0.18984375
0 0.41328125 0.79140625 0.11640625 0.20859375
0 0.759375 0.815625 0.1390625 0.2328125
0 0.2421875 0.821875 0.096875 0.159375
0 0.91796875 0.1015625 0.10625 0.178125
0 0.92578125 0.4015625 0.08359375 0.14140625
0 0.41328125 0.4078125 0.109375 0.178125
0 0.7578125 0.4171875 0.06484375 0.11015625
0 0.23359375 0.4359375 0.1 0.159375
0 0.58046875 0.43828125 0.12890625 0.20234375
0 0.06484375 0.44140625 0.109375 0.19609375